# bus number
N=100

# bus capacity
Q=5

# trip cost objective function component
alpha=1

# customer satisfaction objective function component
beta=1

# conversion factor from arc time to arc cost
omega=1

CUSTOMERS
# x y a
346 205 3019
57 549 5568
121 345 6604
771 688 134
252 425 2506
404 483 4449
420 427 1295
47 441 4106
738 212 1475
170 85 6263
417 138 7279
537 622 5111
737 331 5235
181 798 2166
549 586 4322
702 794 2240
323 263 7091
563 544 1103
282 600 3207
581 367 1648
728 231 2177
75 538 3083
268 610 5315
176 62 7865
282 658 2449
271 85 5742
14 232 7109
171 620 815
580 622 7471
534 528 2191
285 13 5429
154 517 2232
436 31 4565
473 307 6026
712 223 460
641 616 5783
72 515 5176
371 57 2346
308 383 338
311 72 7480
653 169 4537
582 94 2587
592 339 5390
29 333 6682
432 652 2350
184 264 2133
664 548 2589
345 349 6315
6 414 7874
781 134 4527
118 773 1428
603 549 2612
465 610 4717
387 7 392
41 451 7891
494 434 7476
432 509 6692
642 272 3460
551 462 3278
372 247 1474
726 592 6393
531 486 5550
608 402 4517
10 118 5897
441 503 7339
336 48 6519
388 341 2403
733 732 5469
458 78 445
696 629 6645
453 799 1671
288 438 505
62 521 6937
494 325 2594
151 636 1546
345 331 5556
706 745 5542
167 215 3079
737 798 6818
731 703 3735
159 725 5360
395 102 4694
608 477 3549
11 123 3959
200 582 668
408 631 2627
469 603 5181
564 619 5812
569 458 2546
26 419 5030
73 277 2531
215 464 956
482 89 756
302 735 1887
570 544 6012
752 424 5333
215 476 7291
498 701 849
606 410 7317
646 378 316
333 81 6341
1 541 7967
386 578 2553
762 288 3509
553 262 3181
113 253 6957
417 448 1656
91 309 3546
32 704 4124
643 570 631
96 488 5436
317 611 1069
779 15 3616
19 408 1105
375 710 137
257 98 582
119 441 3685
185 279 3925
633 535 7205
185 747 2296
144 470 7570
578 393 6860
310 565 4127
177 791 2242
498 471 1038
580 46 1866
357 673 2884
4 515 4556
720 434 5712
706 101 3141
205 122 918
714 332 7832
504 316 6163
425 65 6190
311 378 3151
650 316 5319
282 125 3026
88 270 6938
519 359 2174
383 203 861
145 359 5183
487 539 4266
167 91 5944
564 307 4071
593 698 4829
522 90 7904
42 263 4142
345 363 7132
664 423 2096
25 116 5918
748 132 2754
425 457 3690
333 281 1520
189 269 923
92 190 5753
584 473 2204
150 213 4787
72 285 130
77 315 2752
200 393 3028
676 182 6535
625 180 2789
242 445 7827
8 651 3689
620 206 4426
749 451 6529
436 452 2612
147 726 3806
686 775 4150
690 304 5054
426 604 4412
331 399 6174
726 435 1083
618 140 196
452 631 2035
367 597 4127
229 208 337
198 609 7361
422 241 4289
557 268 2616
421 689 3613
283 128 586
600 50 4684
663 262 3206
187 225 1043
116 129 1619
208 718 4168
778 783 3256
567 565 968
742 536 5886
596 391 5651
149 488 6980
663 454 3212
288 440 6916
134 525 4703
444 667 5211
436 680 3105
692 16 1954
264 366 5780
20 410 7754
358 80 4517
615 200 6604
339 776 4256
653 372 5218
534 104 463
310 247 2160
85 27 2176
16 370 1535
380 458 4325
271 677 4374
384 99 7691
236 712 2406
9 264 3447
400 780 7361
326 474 3166
330 161 5648
483 383 4516
727 49 3616
177 214 4775
80 328 6364
580 292 3382
696 87 1686
566 323 453
312 237 7137
351 276 3484
726 524 7947
178 311 3129
44 33 7822
649 82 6918
679 676 2079
77 362 6755
613 451 2637
499 91 6496
69 182 3467
42 689 5488
180 250 3696
627 697 4745
246 751 3489
493 27 6991
567 118 7591
171 571 56
562 313 365
139 82 1149
656 712 4573
727 279 3609
207 244 7998
751 123 7850
715 436 6526
674 89 1131
687 438 3972
44 397 1688
721 274 7002
362 503 3628
267 660 4245
672 315 351
496 685 3513
338 778 4911
666 717 2402
134 109 5522
143 28 1599
747 212 6174
215 301 6798
553 189 798
346 56 3065
544 441 385
276 418 2838
267 259 5116
31 71 6063
120 113 6096
379 128 4380
138 232 6553
317 554 5621
258 60 977
526 797 4274
270 731 5685
579 267 2716
402 278 4309
316 649 5105
569 488 2676
234 217 6428
486 243 6494
367 778 6057
208 160 491
373 22 1277
551 38 5236
663 209 2864
719 797 2461
745 658 6892
252 431 1042
545 429 3905
363 20 4894
288 505 3051
570 486 4882
754 120 4059
6 169 6502
711 145 4599
327 145 6269
734 310 5485
590 633 6487
738 52 6702
9 782 2251
645 682 615
233 77 4974
585 587 3583
263 40 2081
433 507 1605
547 349 2845
85 75 299
5 244 5130
492 97 2305
773 652 2668
463 276 195
83 563 796
800 30 7869
721 673 7735
88 355 249
455 150 5045
411 750 7100
634 474 1702
69 737 3215
24 710 1432
586 303 2009
225 710 2608
96 690 6429
178 34 3821
779 179 4187
125 37 97
392 525 5863
352 512 5130
393 301 3770
461 235 45
169 699 5763
10 94 4723
55 51 3326
31 398 5877
436 389 1206
274 259 4113
468 252 5168
257 4 393
701 516 1543
410 27 4665
14 493 3260
770 432 4602
72 432 4244
207 767 3677
477 534 2592
538 397 7476
746 649 484
373 460 5234
341 224 2779
359 135 2950
119 792 7035
44 766 3349
281 689 1276
58 168 4810
286 241 4494
726 521 528
207 736 335
171 505 1837
117 68 4353
618 239 261
398 448 85
688 21 4534
107 760 2822
644 750 3678
674 732 2875
245 778 3012
491 363 5556
716 768 2751
498 548 900
506 540 542
84 348 7115
425 327 1425
251 719 5560
142 545 7636
45 345 6128
537 18 5400
271 401 3605
344 25 874
47 634 7479
98 91 4347
693 346 4767
405 696 4140
485 54 4608
504 78 4164
196 632 4442
3 694 5979
127 148 6965
2 312 6012
297 738 2038
484 300 6538
149 103 2405
476 420 4453
697 660 7884
144 124 2326
568 36 1509
272 167 1332
600 30 4010
380 644 7022
224 746 663
448 779 4458
240 672 5299
712 336 6665
260 135 7869
132 372 805
471 91 1622
312 775 7591
482 689 2625
728 333 7413
123 738 7284
474 527 6478
244 253 4872
392 283 7922
513 175 4167
547 514 1849
602 165 7953
502 791 6075
667 690 6098
192 668 4481
321 411 1130
139 71 7635
515 742 6082
84 362 3060
747 603 7221
746 509 4633
796 693 4437
336 638 6997
654 489 1871
76 406 6834
81 105 2672
550 632 6898
108 715 6228
546 584 5222
176 288 1409
458 517 527
376 390 7064
316 286 6514
420 137 2024
296 73 4666
149 184 5802
740 123 787
481 723 722
94 363 2463
249 709 3087
252 165 4424
154 174 713
229 136 4239
717 741 7231
248 261 724
88 509 28
620 258 7636
518 652 646
609 710 6965
658 597 1369
262 397 4338
728 722 1680
32 111 862
246 609 934
262 228 3643
730 2 3129
67 107 2538
279 582 1891
135 753 2126
503 52 7916
139 698 6993
322 307 1154
443 47 3480
115 522 3504
350 571 5382
670 483 7416
203 630 7994
551 327 5450
709 726 7530
1 774 1894
127 241 7982
150 101 2657
486 97 2682
17 192 5728
623 454 924
112 79 3602
460 316 7982
204 14 4243
376 316 3128
799 289 7837
528 731 4774
473 723 5526
710 458 68
750 201 5041
58 256 4131
734 565 4674
634 106 7288
70 42 401
505 791 4116
17 341 7904
225 245 2727
355 504 5407
110 343 3451
289 426 506
39 70 5280
243 637 339
