# bus number
N=11

# bus capacity
Q=6

# trip cost objective function component
alpha=1

# customer satisfaction objective function component
beta=1

# conversion factor from arc time to arc cost
omega=1

CUSTOMERS
# x y a
30 55 142
42 42 88
10 82 93
16 71 100
16 30 4
9 49 46
13 75 97
52 77 22
46 32 44
65 34 113
66 8 146
78 74 74
88 52 105
26 35 61
2 80 69
19 64 30
65 6 21
85 20 119
5 5 91
72 60 23
58 83 74
78 34 31
16 33 43
1 75 73
44 88 88
85 30 98
6 28 50
10 52 12
83 46 121
81 66 98
25 33 118
69 16 99
69 18 142
67 84 121
67 71 101
34 28 7
35 61 86
11 36 2
84 20 134
36 58 63
31 4 52
59 55 88
73 64 79
23 80 73
76 40 81
23 12 96
84 78 65
87 77 58
32 69 125
86 10 27
87 33 11
33 12 180
