# bus number
N=10

# bus capacity
Q=10

# trip cost objective function component
alpha=1

# customer satisfaction objective function component
beta=1

# conversion factor from arc time to arc cost
omega=1

CUSTOMERS
# x y a
965 710 883
1892 370 169
29 1782 929
1245 504 287
1846 1283 835
845 1899 153
417 233 869
1020 1889 660
663 73 434
1210 1591 410
204 1148 826
309 1603 281
1322 337 420
369 1515 186
1408 1621 632
950 471 203
961 1980 582
751 675 894
1833 781 117
361 447 103
1213 1885 442
798 457 581
1498 152 683
457 1110 978
1248 1557 583
426 71 638
540 1857 244
1153 1958 892
849 385 235
1407 1489 657
921 943 981
460 1935 151
1131 715 853
1956 1260 891
1567 891 308
1528 281 373
594 452 496
1587 59 115
1067 1380 749
346 638 480
533 1144 200
1749 1843 417
1376 467 756
755 897 557
355 1285 274
1958 1624 724
1590 592 558
490 324 914
271 517 613
1211 123 290
