# bus number
N=2

# bus capacity
Q=5

CUSTOMERS
# x y a
5 5 30
8 2 40
10 7 15
5 6 45
71.51893663724195 43.703195379934144 190
60.276337607164386 69.76311959272648 81
54.48831829968969 6.022547162926983 146
42.36547993389047 66.67667154456677 100
64.58941130666561 67.06378696181594 135
43.75872112626925 21.03825610738409 27
89.17730007820798 12.892629765485331 62
96.36627605010293 31.542835092418386 77
38.34415188257777 36.37107709426226 103
79.17250380826646 57.019677041787965 102
52.88949197529045 43.86015134623204 224
56.80445610939323 98.83738380592261 150
92.5596638292661 10.204481074802807 185
7.103605819788694 20.88767560948347 108
8.712929970154072 16.130951788499626 89
2.021839744032572 65.31083254653984 147
83.2619845547938 25.329160253978213 204
77.81567509498505 46.63107728563063 113
87.00121482468191 24.442559200160275 115
97.8618342232764 15.896958364551972 212
79.91585642167236 11.037514116430513 60
46.147936225293186 65.63295894652734 107
78.05291762864555 13.81829513486138 104
11.827442586893323 19.65823616800535 55
63.99210213275238 36.872517066096414 157
14.33532874090464 82.09932298479352 176
94.46689170495839 9.710127579306127 126
52.184832175007166 83.7944907498804 222
41.46619399905236 9.609840789396307 221
26.455561210462697 97.64594650133958 149
77.42336894342166 46.86512016477016 124
45.615033221654855 97.67610881903371 91
56.84339488686485 60.4845519745046 171
1.8789800436355142 73.92635793983017 212
61.76354970758771 3.9187792254320675 174
61.20957227224214 28.280696257640958 176
61.69339968747569 12.01965612131689 56
94.37480785146242 29.614019752214492 48
68.18202991034835 11.872771895424405 212


ALPHA
a=1

BETA
b=1

OMEGA
o=1