# bus number
N=20

# bus capacity
Q=20

# trip cost objective function component
alpha=1

# customer satisfaction objective function component
beta=1

# conversion factor from arc time to arc cost
omega=1

CUSTOMERS
# x y a
398 480 493
59 56 481
344 338 566
427 312 788
130 382 154
202 60 280
45 482 606
354 176 772
482 82 696
489 285 729
210 179 509
313 274 233
462 311 115
95 132 24
224 165 359
106 266 464
446 119 102
337 82 418
18 239 658
354 227 438
349 368 582
348 256 471
490 194 512
120 34 245
497 476 444
284 202 159
200 119 652
9 265 318
473 465 201
478 219 637
326 370 794
34 407 714
426 285 535
304 98 647
7 17 216
152 342 690
194 473 764
381 332 689
141 500 564
432 446 399
430 393 166
277 226 276
308 445 775
74 186 542
364 303 429
131 450 160
473 235 81
38 481 627
337 10 528
186 328 584
72 69 547
484 330 411
193 218 647
25 331 365
401 11 3
285 421 508
327 297 611
247 263 499
146 69 648
471 35 260
61 8 120
417 481 769
130 28 240
8 316 761
242 96 297
345 19 473
137 199 756
120 174 319
166 70 525
373 349 93
145 469 767
409 499 774
78 95 489
246 246 780
5 222 420
381 46 221
201 481 158
55 96 231
266 425 551
179 379 58
330 371 426
213 119 195
247 480 186
124 438 695
36 348 517
381 109 480
78 364 225
89 352 391
278 121 537
50 11 686
476 443 32
339 457 379
285 366 191
272 347 491
99 298 84
48 157 365
27 467 376
270 227 273
187 283 504
337 55 395
299 391 463
84 357 342
402 236 175
123 409 631
497 118 139
493 127 272
285 229 295
488 144 257
350 473 726
486 11 464
27 365 101
264 117 585
289 338 264
172 136 428
326 68 539
36 457 756
10 287 52
110 441 574
283 319 728
275 73 503
64 122 482
327 186 188
376 138 210
39 112 464
191 374 451
460 493 543
396 308 793
217 215 5
353 130 718
213 246 440
314 250 216
142 381 723
40 387 5
342 96 555
439 411 500
353 191 449
241 268 189
247 409 158
373 424 78
388 212 458
335 149 592
71 437 775
100 240 221
365 417 291
428 350 649
303 142 480
55 19 140
190 470 134
68 309 637
422 455 693
166 388 789
404 492 234
409 436 653
133 466 3
131 487 2
192 378 629
222 70 757
487 4 410
19 36 385
488 427 223
302 455 575
192 237 757
377 238 484
343 329 525
493 45 563
445 291 24
170 24 283
95 54 152
40 291 459
496 162 229
294 43 794
127 393 415
401 42 578
490 184 386
355 482 6
96 240 791
321 4 546
387 484 773
43 287 614
176 334 793
472 467 594
297 195 272
492 154 321
416 476 390
448 323 505
281 276 498
55 410 21
179 168 416
123 173 292
493 61 298
125 14 147
282 183 45
444 156 687
496 174 257
246 85 195
123 323 169
143 255 668
315 174 106
480 434 537
418 175 185
64 272 21
340 290 123
296 152 1
84 24 391
11 379 241
368 167 632
204 416 386
346 113 685
337 156 58
177 212 513
18 229 661
448 416 610
128 453 302
417 287 698
305 422 76
397 111 19
11 438 712
62 400 498
414 96 27
446 87 714
470 98 171
82 272 146
209 361 543
82 281 439
145 201 27
200 161 511
88 235 56
268 459 635
314 412 340
400 22 663
460 34 161
82 73 518
147 66 579
60 221 618
172 30 85
152 325 94
30 448 800
212 290 43
440 80 128
328 319 639
75 44 171
184 29 20
379 461 116
50 151 560
290 82 106
314 136 406
61 491 665
274 432 444
128 416 214
16 153 245
445 408 161
201 153 514
61 496 196
305 345 477
196 487 62
94 97 629
166 396 744
370 329 197
26 186 275
366 272 138
198 242 310
353 362 541
76 286 259
431 27 108
255 27 392
248 107 57
296 357 216
116 262 252
297 56 390
384 277 388
197 218 625
444 92 504
301 117 717
261 478 294
337 285 84
334 148 742
18 82 585
378 128 296
475 68 795
482 385 665
55 355 681
14 133 799
130 59 555
210 257 747
484 48 402
373 115 496
202 1 236
463 380 431
11 250 104
205 348 165
267 41 689
32 471 404
183 449 493
309 177 356
56 482 394
422 299 771
357 184 84
381 347 245
496 106 372
172 414 153
130 61 149
311 32 257
311 250 772
307 128 648
158 22 162
420 273 78
188 407 719
272 425 415
45 81 140
188 368 558
265 399 127