# bus number
N=13

# bus capacity
Q=18

# trip cost objective function component
alpha=1

# customer satisfaction objective function component
beta=1

# conversion factor from arc time to arc cost
omega=1

CUSTOMERS
# x y a
44 48 195
1 4 144
26 14 229
5 19 258
32 8 77
38 48 222
48 39 144
15 27 56
27 38 259
20 12 194
44 11 120
33 9 131
43 19 108
28 31 51
32 30 135
29 27 195
11 3 63
14 3 36
22 27 128
22 41 98
4 7 75
1 32 97
7 41 96
35 42 268
4 32 19
35 5 135
27 42 102
28 29 55
31 15 183
44 12 228
29 41 246
43 44 218
48 4 209
36 26 92
44 32 260
30 38 115
1 4 149
38 38 236
8 24 280
31 1 266
43 1 255
32 1 22
20 35 131
19 39 118
8 4 262
27 47 205
36 44 217
24 29 34
7 49 120
36 42 136
47 4 252
7 45 108
28 48 171
26 16 255
18 9 261
44 11 146
25 22 66
6 8 52
34 39 86
22 29 155
2 35 217
38 36 253
2 11 80
38 21 17
23 10 25
12 42 173
31 37 105
21 47 216
46 41 154
17 16 74
3 24 173
41 21 114
43 33 124
41 23 223
14 16 104
4 10 92
30 41 205
26 25 168
15 38 229
16 27 215
38 18 182
13 34 167
37 44 41
24 36 154
39 46 217
45 35 116
21 34 142
1 9 166
11 47 21
10 35 272
17 28 70
32 43 211
8 25 239
22 24 255
39 21 184
25 38 221
35 26 258
7 44 53
9 41 119
26 21 222
30 21 184
18 23 97
11 50 142
22 20 218
29 16 252
28 24 221
42 49 237
4 50 165
1 14 175
37 11 221
42 3 99
8 2 143
27 32 49
35 1 199
43 40 137
34 42 120
29 4 219
1 25 95
5 18 39
45 46 168
8 11 184
23 42 173
32 34 119
29 15 144
3 8 78
31 15 125
26 30 117
5 9 269
11 32 88
37 50 21
11 2 159
49 28 239
43 45 249
2 44 204
43 36 97
30 17 242
13 11 18
30 15 247
6 29 224
44 4 268
12 13 236
6 49 46
35 21 245
10 16 232
49 28 206
50 39 190
46 25 172
6 23 118
36 16 165
39 26 91
47 36 174
41 45 27
16 16 151
34 10 153
16 2 148
20 30 203
33 30 268
9 24 91
1 4 156
30 49 278
32 3 156
8 7 121
44 10 248
25 5 116
50 9 79
39 8 88
10 17 141
10 22 116
8 12 167
44 30 231
16 48 48
38 49 165
8 19 186
37 42 177
8 43 258
47 49 217
47 20 78
28 19 121
38 39 165
8 42 238
3 33 202
41 11 53
50 17 128
26 35 176
24 37 249
33 32 148
25 34 262
40 6 233
6 17 266
40 36 239
6 30 67
10 44 234
39 17 179
6 43 241
21 36 74
45 35 54
20 15 222
32 9 156
46 2 252
18 19 102
24 11 66
