# bus number
N=10

# bus capacity
Q=10

# trip cost objective function component
alpha=1

# customer satisfaction objective function component
beta=1

# conversion factor from arc time to arc cost
omega=1

CUSTOMERS
# x y a
965 710 883
1892 370 169
29 1782 929
1245 504 287
1846 1283 835
845 1899 153
417 233 869
1020 1889 660
663 73 434
1210 1591 410
204 1148 826
309 1603 281
1322 337 420
369 1515 186
1408 1621 632
950 471 203
961 1980 582
751 675 894
1833 781 117
361 447 103
1213 1885 442
798 457 581
1498 152 683
457 1110 978
1248 1557 583
426 71 638
540 1857 244
1153 1958 892
849 385 235
1407 1489 657
921 943 981
460 1935 151
1131 715 853
1956 1260 891
1567 891 308
1528 281 373
594 452 496
1587 59 115
1067 1380 749
346 638 480
533 1144 200
1749 1843 417
1376 467 756
755 897 557
355 1285 274
1958 1624 724
1590 592 558
490 324 914
271 517 613
1211 123 290
1200 1468 177
46 173 210
102 1358 829
1036 718 994
1814 98 801
230 453 815
1952 966 828
1314 129 993
49 1136 433
797 720 856
1522 544 746
1348 1198 15
1645 874 337
846 1889 219
499 1080 693
1028 743 585
1591 1855 877
41 1784 532
153 474 740
1747 576 843
1395 1713 533
586 451 413
242 1394 787
1919 982 738
278 1847 311
897 1496 323
932 349 584
1828 1124 526
1157 230 130
392 1615 751
760 47 619
1016 1681 220
1076 198 496
1017 1642 512
1047 596 716
1519 551 733
12 1470 446
359 1060 924
90 668 608
29 1579 600
724 970 633
111 1194 400
1965 337 177
1625 1771 833
87 550 120
1614 604 116
1854 1004 513
1733 521 46
1351 1453 228
295 1661 18
